   5.6000000e+01   2.2977147e+01  -1.3400000e+02   3.8894421e+01
   5.6000000e+01   2.2984246e+01  -1.3400000e+02   3.8736944e+01
   5.6000000e+01   2.3084510e+01  -1.3400000e+02   3.8736013e+01
   5.6000000e+01   2.3278401e+01  -1.3400000e+02   3.8302734e+01
   5.6000000e+01   2.3468279e+01  -1.3400000e+02   3.8532242e+01
   5.6000000e+01   2.3315611e+01  -1.3400000e+02   3.9060397e+01
   5.6000000e+01   2.3222807e+01  -1.3400000e+02   4.0009699e+01
   5.6000000e+01   2.3052842e+01  -1.3400000e+02   4.0977055e+01
   5.6000000e+01   2.2921815e+01  -1.3400000e+02   4.1390122e+01
   5.6000000e+01   2.2962669e+01  -1.3400000e+02   4.1779427e+01
   5.6000000e+01   2.3053391e+01  -1.3400000e+02   4.2984587e+01
   5.6000000e+01   2.2831285e+01  -1.3400000e+02   4.3702312e+01
